0.00000    0.00000
4.45434    0.01596
6.68151    0.04521
8.46325    0.07181
11.13586    0.10106
13.80846    0.12766
15.59020    0.15426
17.81737    0.18883
19.15367    0.21543
20.93541    0.24202
22.71715    0.27128
24.94432    0.30585
27.17149    0.33777
29.39866    0.36968
31.62584    0.40426
34.29844    0.44415
36.52561    0.47606
38.75278    0.50532
41.87082    0.53989
44.09800    0.56649
45.87973    0.58910
48.55234    0.61702
50.77951    0.63963
53.45212    0.66489
57.01559    0.69681
60.13363    0.72340
62.80624    0.74468
66.36971    0.76862
70.82405    0.79787
74.83296    0.81915
78.84187    0.83777
83.74165    0.86170
88.64143    0.87766
93.98664    0.89628
100.22272    0.91489
106.90423    0.93085
113.58575    0.94149
118.93096    0.94947
125.61247    0.95745
130.06682    0.96277
135.85746    0.96809
141.64811    0.97340
147.43875    0.97606
154.12027    0.97872
161.69265    0.98404
168.81960    0.98670
177.28285    0.98670
186.19154    0.98936
193.31849    0.98936
201.33630    0.99202
209.79955    0.99202
217.81737    0.99202
225.38976    0.99202
235.18931    0.99202
241.87082    0.99335
248.99777    0.99468
257.01559    0.99468
265.47884    0.99468
272.60579    0.99468
280.17817    0.99468
287.75056    0.99468
295.32294    0.99468
1593.43715    0.99601
1597.88654    0.99468
1604.56062    0.99468
1612.12458    0.99468
1620.13348    0.99468
1627.25250    0.99468
1633.92659    0.99468
1641.49055    0.99468
1649.05451    0.99468
1657.06340    0.99468
1664.18242    0.99468
1672.63626    0.99468
1678.86541    0.99468
1686.42937    0.99468
1694.43826    0.99468
1701.55729    0.99468
1709.56618    0.99468
1717.13014    0.99468
1720.24472    0.99468
1723.35929    0.98670
1726.02892    0.96277
1727.80868    0.93351
1729.36596    0.91090
1730.70078    0.89096
1732.25806    0.86968
1734.03782    0.85372
1735.81758    0.84574
1739.37709    0.84043
1742.93660    0.84043
1745.60623    0.83777
1747.83092    0.83378
1750.05562    0.82447
1751.83537    0.81383
1753.61513    0.79787
1755.39488    0.78191
1757.17464    0.76596
1759.39933    0.74734
1761.62403    0.72606
1763.84872    0.70745
1766.51835    0.68617
1769.18799    0.66489
1771.85762    0.64628
1775.41713    0.62234
1779.42158    0.59574
1782.98109    0.57181
1786.54060    0.55585
1792.32481    0.53457
1795.88432    0.52394
1800.33370    0.51596
1804.78309    0.51330
1810.56730    0.51596
1816.35150    0.52394
1821.24583    0.53590
1827.91991    0.55585
1835.92881    0.58378
1840.82314    0.60372
1845.71746    0.62234
1850.16685    0.64362
1854.61624    0.66223
1861.29032    0.68883
1866.18465    0.71277
1871.96885    0.73404
1876.41824    0.75000
1881.75751    0.77128
1886.20690    0.78723
1891.10122    0.80452
1897.33037    0.82447
1904.00445    0.84309
1909.78865    0.85904
1915.57286    0.87234
1920.02225    0.88298
1926.25139    0.89628
1932.92547    0.90691
1939.59956    0.92021
1946.71858    0.92819
1952.50278    0.93617
1958.28699    0.94415
1964.96107    0.94947
1972.08009    0.95745
1978.30923    0.96277
1986.31813    0.96676
1993.43715    0.97074
2000.55617    0.97340
2007.67519    0.97606
2017.01891    0.97872
2025.47275    0.98138
2033.48165    0.98404
2040.15573    0.98404
2049.05451    0.98670
2058.39822    0.98670
2068.63181    0.98936
2077.08565    0.98936
2084.64961    0.98936
2093.54839    0.99202
2099.77753    0.99202
