0.00000    1.00000
0.44543    0.98670
1.33630    0.96277
1.78174    0.93085
2.22717    0.90691
2.67261    0.87234
2.67261    0.84840
3.11804    0.81915
3.56347    0.78989
4.00891    0.75798
4.45434    0.72872
4.89978    0.69681
5.34521    0.67021
5.34521    0.63830
6.23608    0.60904
6.68151    0.57979
7.12695    0.55319
7.57238    0.52128
8.90869    0.48936
10.69042    0.46543
12.91759    0.43883
13.80846    0.40957
14.69933    0.38032
16.03563    0.35106
17.37194    0.31915
19.59911    0.29255
21.82628    0.26596
23.60802    0.23936
26.28062    0.21277
28.50780    0.18883
32.07127    0.16489
35.18931    0.14096
38.30735    0.11702
42.31626    0.10106
45.87973    0.08245
50.33408    0.06915
55.23385    0.05585
60.13363    0.04521
64.58797    0.03723
69.48775    0.03191
74.83296    0.02926
79.73274    0.02394
84.18708    0.01862
89.53229    0.01596
94.43207    0.01330
99.33185    0.01330
104.67706    0.01330
109.35412    0.01064
114.47661    0.01064
119.37639    0.00798
124.49889    0.00798
129.17595    0.00798
134.07572    0.00798
138.97550    0.00798
144.32071    0.00798
149.44321    0.00665
154.56570    0.00665
159.46548    0.00665
164.58797    0.00665
169.26503    0.00532
174.61024    0.00532
179.51002    0.00532
184.63252    0.00532
189.75501    0.00532
194.65479    0.00532
199.77728    0.00532
204.67706    0.00532
209.79955    0.00532
214.69933    0.00532
219.59911    0.00532
224.49889    0.00532
229.62138    0.00399
234.74388    0.00532
239.64365    0.00399
244.54343    0.00532
249.66592    0.00532
254.78842    0.00399
259.91091    0.00532
264.58797    0.00532
269.93318    0.00532
274.83296    0.00532
279.73274    0.00532
284.85523    0.00665
289.97773    0.00532
296.65924    0.00532
1596.50229    0.00768
1601.75504    0.00584
1606.69880    0.00491
1611.79706    0.00676
1616.58633    0.00491
1621.68459    0.00584
1626.62835    0.00584
1631.72661    0.00584
1636.51588    0.00584
1641.61414    0.00584
1646.55790    0.00584
1651.50167    0.00584
1656.59993    0.00584
1661.38920    0.00584
1666.64195    0.00584
1671.58571    0.00584
1676.83846    0.00584
1681.78223    0.00584
1686.41701    0.00584
1691.51526    0.00491
1696.30454    0.00584
1701.55729    0.00584
1706.81004    0.00584
1711.13583    0.00399
1716.07959    0.00584
1721.33234    0.00399
1726.58509    0.00953
1730.91089    0.02615
1735.54567    0.03539
1740.18045    0.04277
1744.81523    0.05201
1749.45001    0.03908
1754.54826    0.03631
1759.33754    0.03908
1763.66333    0.05201
1768.29811    0.05940
1773.55086    0.05386
1778.34013    0.05109
1783.12940    0.05016
1788.38215    0.05201
1793.17143    0.05755
1797.96070    0.05201
1802.90446    0.05016
1807.84823    0.04647
1812.79199    0.04832
1818.04474    0.04647
1822.98851    0.04277
1827.77778    0.04277
1832.87604    0.04000
1837.81980    0.03908
1842.91806    0.03723
1847.86182    0.03446
1852.96008    0.03354
1857.74935    0.03077
1862.84761    0.02985
1867.79137    0.02892
1872.73514    0.02708
1877.98789    0.02431
1882.93165    0.02338
1887.72092    0.02154
1892.81918    0.02061
1897.60845    0.01969
1902.86120    0.01784
1907.65048    0.01692
1912.59424    0.01692
1917.53801    0.01507
1922.79076    0.01507
1927.42553    0.01507
1932.67828    0.01507
1937.93103    0.01322
1942.72031    0.01230
1947.97306    0.01230
1952.76233    0.01045
1958.01508    0.01138
1962.64986    0.00953
1967.59362    0.00953
1972.84637    0.00953
1977.79014    0.00953
1982.73390    0.00953
1987.67767    0.00953
1992.93042    0.00768
1997.87418    0.00861
2002.81795    0.00768
2008.07070    0.00768
2012.70548    0.00768
2017.64924    0.00584
2022.59300    0.00768
2027.22778    0.00953
2032.48053    0.00768
2037.73328    0.00768
2042.98603    0.00953
2048.23878    0.00953
2052.56458    0.00768
2057.81733    0.00953
2063.07008    0.00584
2068.01384    0.00768
2072.95761    0.00953
2077.90137    0.00768
2082.53615    0.00953
2087.78890    0.00953
2092.42368    0.00768
2098.29440    0.00768
