0.00000    0.00000
0.89087    0.02128
1.78174    0.07181
2.22717    0.11170
3.11804    0.14894
3.56347    0.18883
3.56347    0.22872
4.89978    0.26596
4.89978    0.30319
5.79065    0.34309
6.23608    0.38032
8.01782    0.42553
12.02673    0.44149
14.69933    0.48138
16.48107    0.50000
18.70824    0.48670
24.49889    0.46543
29.39866    0.44149
34.29844    0.41223
37.86192    0.38298
42.31626    0.35372
46.32517    0.32447
50.77951    0.29255
54.34298    0.26596
59.68820    0.23404
64.14254    0.21011
69.04232    0.18085
73.94209    0.15691
79.73274    0.13564
84.63252    0.11968
91.31403    0.09840
96.65924    0.08245
103.34076    0.06649
108.68597    0.05851
115.81292    0.04787
121.15813    0.03989
128.28508    0.03191
134.07572    0.02660
141.64811    0.02128
146.99332    0.01596
154.12027    0.01064
159.91091    0.01330
167.03786    0.00798
172.82851    0.00798
181.29176    0.00532
186.19154    0.00532
193.31849    0.00000
198.66370    0.00266
205.79065    0.00266
211.58129    0.00266
219.59911    0.00266
225.38976    0.00266
232.51670    0.00000
237.86192    0.00000
244.98886    0.00000
251.22494    0.00000
258.35189    0.00000
264.14254    0.00000
271.71492    0.00000
277.50557    0.00000
284.18708    0.00000
290.42316    0.00000
296.65924    0.00000
1596.55172    0.00000
1601.89099    0.00000
1607.67519    0.00000
1615.68409    0.00000
1621.02336    0.00000
1628.14238    0.00000
1633.88951    0.00000
1641.30515    0.00030
1646.86689    0.00030
1654.28254    0.00030
1659.84427    0.00030
1666.95093    0.00000
1673.13064    0.00030
1679.92832    0.00000
1686.41701    0.00000
1693.21468    0.00030
1698.77642    0.00000
1706.50105    0.00030
1712.06279    0.00000
1719.16945    0.00214
1722.25930    0.00584
1724.42220    0.01692
1725.65814    0.03169
1727.82104    0.05386
1729.05698    0.06678
1730.29292    0.08341
1732.45582    0.10188
1734.92770    0.11480
1737.70857    0.11665
1740.48943    0.11296
1743.57929    0.10557
1746.97812    0.11665
1750.37696    0.14436
1755.32073    0.17760
1758.41058    0.20715
1763.35434    0.23855
1767.37115    0.26256
1771.69695    0.29765
1775.40477    0.32535
1779.42158    0.35860
1784.05636    0.38446
1790.23606    0.40477
1795.17983    0.41955
1801.97751    0.43617
1808.15721    0.43802
1814.95489    0.43063
1821.44358    0.42139
1827.31430    0.40477
1831.94908    0.39000
1838.12879    0.36783
1843.69052    0.34936
1849.56124    0.32720
1853.57805    0.30689
1859.75776    0.28472
1865.31949    0.26256
1870.88123    0.24224
1876.13398    0.22193
1882.00470    0.20161
1887.25745    0.18684
1894.05512    0.16652
1898.99889    0.15174
1905.48758    0.13512
1911.35830    0.11850
1917.84699    0.10557
1923.09974    0.09449
1929.89742    0.08341
1936.07712    0.07417
1943.18378    0.06124
1948.74552    0.05570
1955.85218    0.04832
1961.41392    0.04277
1968.52058    0.03539
1974.08231    0.03169
1981.49796    0.02615
1987.36868    0.02431
1994.47534    0.02061
2000.65505    0.01876
2007.14374    0.01507
2013.32345    0.01138
2019.81214    0.00953
2025.99184    0.00768
2034.33445    0.00768
2039.58720    0.00768
2045.45792    0.00584
2051.94661    0.00399
2059.05327    0.00214
2065.23297    0.00214
2071.72167    0.00030
2078.21036    0.00030
2085.62600    0.00030
2090.87875    0.00214
2098.29440    0.00030
