0.0000    0.00000
1.0823    0.058623
2.3810    0.12376
3.6797    0.19541
2.8139    0.26382
4.5455    0.37456
5.4113    0.43970
6.7100    0.53089
8.0087    0.60580
9.3074    0.66442
11.039    0.72304
14.069    0.79793
15.801    0.86958
16.667    0.93146
18.398    0.98356
20.130    1.0357
24.026    1.1203
26.623    1.2083
29.654    1.2766
33.550    1.3580
36.580    1.4101
40.476    1.4850
44.372    1.5501
48.268    1.5957
52.597    1.6445
58.225    1.6999
62.121    1.7389
66.017    1.7714
72.078    1.8105
75.108    1.8300
82.035    1.8658
88.528    1.8885
95.022    1.9080
102.81    1.9308
111.47    1.9470
121.00    1.9599
128.79    1.9664
136.15    1.9745
143.94    1.9793
153.90    1.9825
167.75    1.9921
177.71    1.9920
188.10    1.9920
201.52    1.9951
209.74    1.9950
218.83    1.9982
227.06    1.9982
238.74    1.9981
249.13    1.9980
256.06    1.9979
264.29    1.9978
272.94    1.9978
283.77    1.9961
294.59    1.9976
1604.9    2.0000
1610.6    2.0000
1617.5    2.0000
1625.7    2.0000
1632.2    2.0000
1639.6    2.0000
1647.8    2.0000
1656.0    2.0000
1663.0    2.0000
1671.6    2.0000
1679.9    2.0000
1688.1    1.9967
1696.8    2.0000
1705.8    2.0000
1714.1    1.9967
1724.5    2.0000
1731.4    1.9967
1735.3    1.9805
1737.0    1.9544
1739.2    1.9186
1741.4    1.8925
1742.7    1.8664
1745.3    1.8502
1748.7    1.8339
1750.9    1.8241
1754.4    1.8176
1757.4    1.8208
1760.9    1.8176
1764.8    1.8078
1767.4    1.7883
1769.1    1.7590
1771.7    1.7264
1773.4    1.7036
1776.4    1.6824
1779.5    1.6645
1783.8    1.6417
1787.7    1.6221
1791.2    1.6124
1794.2    1.5896
1798.1    1.5700
1802.0    1.5570
1807.2    1.5472
1811.1    1.5472
1815.0    1.5472
1818.9    1.5505
1824.1    1.5570
1829.7    1.5635
1834.1    1.5798
1838.4    1.5928
1843.2    1.6059
1849.6    1.6319
1855.7    1.6547
1861.3    1.6775
1866.5    1.6971
1873.0    1.7231
1878.2    1.7427
1883.4    1.7655
1888.6    1.7850
1893.8    1.8013
1899.5    1.8208
1905.5    1.8371
1910.7    1.8502
1915.9    1.8664
1921.5    1.8795
1926.3    1.8893
1931.5    1.9023
1938.0    1.9121
1946.7    1.9283
1954.0    1.9381
1960.5    1.9479
1967.0    1.9544
1974.4    1.9609
1981.3    1.9642
1988.3    1.9691
1994.3    1.9739
2000.8    1.9772
2007.7    1.9805
2014.7    1.9837
2019.9    1.9837
2027.7    1.9870
2034.2    1.9870
2041.5    1.9902
2051.1    1.9935
2058.0    1.9935
2064.0    1.9935
2072.3    1.9935
2079.6    1.9967
2087.9    1.9967
2094.8    1.9967
2100.0    1.9967
