0 1
0.02 0.9992
0.04 0.996804
0.06 0.992822
0.08 0.987272
0.1 0.980174
0.12 0.971558
0.14 0.961458
0.16 0.949914
0.18 0.936972
0.2 0.92268
0.22 0.907092
0.24 0.890262
0.26 0.87225
0.28 0.85312
0.3 0.832938
0.32 0.811766
0.34 0.789678
0.36 0.766744
0.38 0.743032
0.4 0.718616
0.42 0.69357
0.44 0.667968
0.46 0.641884
0.48 0.615388
0.5 0.58856
0.52 0.56147
0.54 0.53419
0.56 0.506792
0.58 0.47935
0.6 0.451932
0.62 0.424606
0.64 0.39744
0.66 0.3705
0.68 0.343848
0.7 0.317546
0.72 0.291652
0.74 0.266226
0.76 0.241322
0.78 0.216992
0.8 0.193284
0.82 0.170248
0.84 0.147924
0.86 0.126358
0.88 0.105582
0.9 0.085638
0.92 0.066552
0.94 0.048356
0.96 0.031074
0.98 0.01473
1 -0.000658
1.02 -0.015076
1.04 -0.02851
1.06 -0.04095
1.08 -0.05239
1.1 -0.06283
1.12 -0.072268
1.14 -0.080708
1.16 -0.088156
1.18 -0.094624
1.2 -0.100124
1.22 -0.10467
1.24 -0.108282
1.26 -0.11098
1.28 -0.112788
1.3 -0.113732
1.32 -0.11384
1.34 -0.113144
1.36 -0.111674
1.38 -0.109466
1.4 -0.106558
1.42 -0.102988
1.44 -0.098792
1.46 -0.094016
1.48 -0.0887
1.5 -0.082888
1.52 -0.076624
1.54 -0.069954
1.56 -0.062924
1.58 -0.055578
1.6 -0.047966
1.62 -0.040134
1.64 -0.032128
1.66 -0.023996
1.68 -0.015784
1.7 -0.007538
1.72 0.000698
1.74 0.008878
1.76 0.016956
1.78 0.024892
1.8 0.032642
1.82 0.040166
1.84 0.047426
1.86 0.054382
1.88 0.060998
1.9 0.067242
1.92 0.073076
1.94 0.078474
1.96 0.083404
1.98 0.08784
2 0.091756
2.02 0.095128
2.04 0.097938
2.06 0.100164
2.08 0.101792
2.1 0.102808
2.12 0.103196
2.14 0.102952
2.16 0.102064
2.18 0.10053
2.2 0.098344
2.22 0.09551
2.24 0.092024
2.26 0.087896
2.28 0.083128
2.3 0.07773
2.32 0.071712
2.34 0.065084
2.36 0.057864
2.38 0.050066
2.4 0.04171
2.42 0.032812
2.44 0.023398
2.46 0.013486
2.48 0.003104
2.5 -0.007724
2.52 -0.018968
2.54 -0.030604
2.56 -0.042602
2.58 -0.054928
2.6 -0.067556
2.62 -0.08045
2.64 -0.09358
2.66 -0.10691
2.68 -0.120412
2.7 -0.134048
2.72 -0.147786
2.74 -0.16159
2.76 -0.17543
2.78 -0.18927
2.8 -0.203076
2.82 -0.216816
2.84 -0.230456
2.86 -0.243968
2.88 -0.257316
2.9 -0.270474
2.92 -0.283408
2.94 -0.296094
2.96 -0.3085
2.98 -0.320602
3 -0.332376
3.02 -0.343794
3.04 -0.354838
3.06 -0.365484
3.08 -0.375712
3.1 -0.385504
3.12 -0.394846
3.14 -0.40372
3.16 -0.412114
3.18 -0.420014
3.2 -0.427412
3.22 -0.434298
3.24 -0.440668
3.26 -0.446514
3.28 -0.451832
3.3 -0.456624
3.32 -0.460888
3.34 -0.464626
3.36 -0.46784
3.38 -0.470536
3.4 -0.472722
3.42 -0.474402
3.44 -0.475592
3.46 -0.476296
3.48 -0.476532
3.5 -0.476312
3.52 -0.47565
3.54 -0.474566
3.56 -0.473072
3.58 -0.471192
3.6 -0.468942
3.62 -0.466346
3.64 -0.463422
3.66 -0.460196
3.68 -0.456688
3.7 -0.452924
3.72 -0.448926
3.74 -0.444722
3.76 -0.440332
3.78 -0.435788
3.8 -0.43111
3.82 -0.426328
3.84 -0.421464
3.86 -0.416546
3.88 -0.4116
3.9 -0.40665
3.92 -0.401722
3.94 -0.39684
3.96 -0.392028
3.98 -0.387312
4 -0.382714
4.02 -0.378256
4.04 -0.37396
4.06 -0.369846
4.08 -0.365936
4.1 -0.362248
4.12 -0.3588
4.14 -0.35561
4.16 -0.352694
4.18 -0.350066
4.2 -0.34774
4.22 -0.345732
4.24 -0.344048
4.26 -0.342702
4.28 -0.341702
4.3 -0.341056
4.32 -0.340768
4.34 -0.340848
4.36 -0.341294
4.38 -0.342112
4.4 -0.343304
4.42 -0.344866
4.44 -0.3468
4.46 -0.349102
4.48 -0.35177
4.5 -0.354796
4.52 -0.358174
4.54 -0.361898
4.56 -0.36596
4.58 -0.370348
4.6 -0.375054
4.62 -0.380064
4.64 -0.385366
4.66 -0.390948
4.68 -0.396794
4.7 -0.40289
4.72 -0.409218
4.74 -0.415764
4.76 -0.42251
4.78 -0.42944
4.8 -0.436532
4.82 -0.44377
4.84 -0.451136
4.86 -0.458608
4.88 -0.46617
4.9 -0.4738
4.92 -0.481478
4.94 -0.489188
4.96 -0.496906
4.98 -0.504616
5 -0.512296
5.02 -0.519928
5.04 -0.527496
5.06 -0.534978
5.08 -0.542356
5.1 -0.549614
5.12 -0.556736
5.14 -0.563704
5.16 -0.570502
5.18 -0.577116
5.2 -0.58353
5.22 -0.589732
5.24 -0.59571
5.26 -0.60145
5.28 -0.60694
5.3 -0.612172
5.32 -0.617136
5.34 -0.621824
5.36 -0.626226
5.38 -0.630338
5.4 -0.634154
5.42 -0.63767
5.44 -0.64088
5.46 -0.643784
5.48 -0.64638
5.5 -0.648666
5.52 -0.650644
5.54 -0.652314
5.56 -0.65368
5.58 -0.654744
5.6 -0.65551
5.62 -0.655984
5.64 -0.656172
5.66 -0.656082
5.68 -0.655718
5.7 -0.655092
5.72 -0.65421
5.74 -0.653086
5.76 -0.651728
5.78 -0.650146
5.8 -0.648354
5.82 -0.646364
5.84 -0.64419
5.86 -0.641842
5.88 -0.639336
5.9 -0.636686
5.92 -0.633906
5.94 -0.631012
5.96 -0.628016
5.98 -0.624934
6 -0.621784
6.02 -0.618576
6.04 -0.61533
6.06 -0.612058
6.08 -0.608778
6.1 -0.6055
6.12 -0.602244
6.14 -0.599022
6.16 -0.595848
6.18 -0.592736
6.2 -0.5897
6.22 -0.586752
6.24 -0.583906
6.26 -0.581174
6.28 -0.578568
6.3 -0.576096
6.32 -0.573772
6.34 -0.571606
6.36 -0.569604
6.38 -0.567778
6.4 -0.566134
6.42 -0.56468
6.44 -0.563422
6.46 -0.562366
6.48 -0.561516
6.5 -0.560878
6.52 -0.560456
6.54 -0.56025
6.56 -0.560264
6.58 -0.5605
6.6 -0.560956
6.62 -0.561632
6.64 -0.562528
6.66 -0.563644
6.68 -0.564974
6.7 -0.566516
6.72 -0.568266
6.74 -0.570222
6.76 -0.572374
6.78 -0.57472
6.8 -0.577254
6.82 -0.579964
6.84 -0.582848
6.86 -0.585896
6.88 -0.589098
6.9 -0.592446
6.92 -0.59593
6.94 -0.599542
6.96 -0.603272
6.98 -0.607106
7 -0.611036
7.02 -0.615052
7.04 -0.61914
7.06 -0.623292
7.08 -0.627494
7.1 -0.631734
7.12 -0.636002
7.14 -0.640288
7.16 -0.644578
7.18 -0.648862
7.2 -0.653126
7.22 -0.657362
7.24 -0.66156
7.26 -0.665704
7.28 -0.66979
7.3 -0.673802
7.32 -0.677734
7.34 -0.681574
7.36 -0.685314
7.38 -0.688946
7.4 -0.69246
7.42 -0.69585
7.44 -0.699108
7.46 -0.702224
7.48 -0.705196
7.5 -0.708016
7.52 -0.710678
7.54 -0.713178
7.56 -0.715512
7.58 -0.717678
7.6 -0.719668
7.62 -0.721484
7.64 -0.723122
7.66 -0.72458
7.68 -0.72586
7.7 -0.72696
7.72 -0.72788
7.74 -0.728622
7.76 -0.729186
7.78 -0.729576
7.8 -0.729792
7.82 -0.72984
7.84 -0.729722
7.86 -0.729444
7.88 -0.729008
7.9 -0.72842
7.92 -0.727686
7.94 -0.726812
7.96 -0.725804
7.98 -0.724668
8 -0.723412
8.02 -0.722042
8.04 -0.720568
8.06 -0.718996
8.08 -0.717334
8.1 -0.715592
8.12 -0.713776
8.14 -0.711896
8.16 -0.709962
8.18 -0.70798
8.2 -0.70596
8.22 -0.703912
8.24 -0.701844
8.26 -0.699764
8.28 -0.697682
8.3 -0.695608
8.32 -0.693548
8.34 -0.69151
8.36 -0.689504
8.38 -0.68754
8.4 -0.685622
8.42 -0.683758
8.44 -0.681958
8.46 -0.680228
8.48 -0.678574
8.5 -0.677002
8.52 -0.675518
8.54 -0.67413
8.56 -0.67284
8.58 -0.671656
8.6 -0.670582
8.62 -0.66962
8.64 -0.668776
8.66 -0.66805
8.68 -0.66745
8.7 -0.666974
8.72 -0.666626
8.74 -0.666406
8.76 -0.666316
8.78 -0.666356
8.8 -0.666528
8.82 -0.66683
8.84 -0.667262
8.86 -0.66782
8.88 -0.668508
8.9 -0.669318
8.92 -0.670252
8.94 -0.671306
8.96 -0.672476
8.98 -0.673758
9 -0.67515
9.02 -0.676646
9.04 -0.678244
9.06 -0.679936
9.08 -0.681718
9.1 -0.683586
9.12 -0.685534
9.14 -0.687554
9.16 -0.689642
9.18 -0.691792
9.2 -0.693998
9.22 -0.696252
9.24 -0.698546
9.26 -0.700878
9.28 -0.703238
9.3 -0.70562
9.32 -0.708018
9.34 -0.710424
9.36 -0.71283
9.38 -0.715232
9.4 -0.717624
9.42 -0.719996
9.44 -0.722346
9.46 -0.724662
9.48 -0.726944
9.5 -0.729182
9.52 -0.731372
9.54 -0.733506
9.56 -0.735582
9.58 -0.737594
9.6 -0.739536
9.62 -0.741404
9.64 -0.743196
9.66 -0.744902
9.68 -0.746526
9.7 -0.748058
9.72 -0.749498
9.74 -0.750844
9.76 -0.752092
9.78 -0.75324
9.8 -0.754288
9.82 -0.755232
9.84 -0.756072
9.86 -0.756808
9.88 -0.75744
9.9 -0.757966
9.92 -0.758388
9.94 -0.758706
9.96 -0.758922
9.98 -0.759036
10 -0.759048
10.02 -0.758964
10.04 -0.758784
10.06 -0.75851
10.08 -0.758146
10.1 -0.757694
10.12 -0.757158
10.14 -0.756542
10.16 -0.755848
10.18 -0.75508
10.2 -0.754244
10.22 -0.753344
10.24 -0.752384
10.26 -0.751368
10.28 -0.750302
10.3 -0.74919
10.32 -0.748036
10.34 -0.746848
10.36 -0.74563
10.38 -0.744384
10.4 -0.74312
10.42 -0.74184
10.44 -0.740552
10.46 -0.739258
10.48 -0.737964
10.5 -0.736676
10.52 -0.7354
10.54 -0.734138
10.56 -0.732898
10.58 -0.731682
10.6 -0.730496
10.62 -0.729342
10.64 -0.728228
10.66 -0.727158
10.68 -0.726132
10.7 -0.725156
10.72 -0.724234
10.74 -0.72337
10.76 -0.722564
10.78 -0.721822
10.8 -0.721144
10.82 -0.720534
10.84 -0.719994
10.86 -0.719526
10.88 -0.71913
10.9 -0.718808
10.92 -0.718562
10.94 -0.718392
10.96 -0.7183
10.98 -0.718284
11 -0.718346
11.02 -0.718482
11.04 -0.718698
11.06 -0.718986
11.08 -0.719352
11.1 -0.719788
11.12 -0.720298
11.14 -0.720878
11.16 -0.721524
11.18 -0.722238
11.2 -0.723016
11.22 -0.723854
11.24 -0.724752
11.26 -0.725704
11.28 -0.726708
11.3 -0.727764
11.32 -0.728864
11.34 -0.730008
11.36 -0.73119
11.38 -0.732408
11.4 -0.733656
11.42 -0.734934
11.44 -0.736236
11.46 -0.737556
11.48 -0.738894
11.5 -0.740244
11.52 -0.741602
11.54 -0.742964
11.56 -0.744326
11.58 -0.745686
11.6 -0.747036
11.62 -0.748376
11.64 -0.749702
11.66 -0.751008
11.68 -0.752292
11.7 -0.753552
11.72 -0.75478
11.74 -0.755978
11.76 -0.75714
11.78 -0.758264
11.8 -0.759346
11.82 -0.760384
11.84 -0.761378
11.86 -0.762322
11.88 -0.763214
11.9 -0.764056
11.92 -0.764842
11.94 -0.765572
11.96 -0.766246
11.98 -0.766862
12 -0.767418
12.02 -0.767912
12.04 -0.768348
12.06 -0.768722
12.08 -0.769034
12.1 -0.769286
12.12 -0.769476
12.14 -0.769606
12.16 -0.769676
12.18 -0.769688
12.2 -0.76964
12.22 -0.769536
12.24 -0.769378
12.26 -0.769164
12.28 -0.768898
12.3 -0.768582
12.32 -0.768216
12.34 -0.767804
12.36 -0.767348
12.38 -0.76685
12.4 -0.766314
12.42 -0.765738
12.44 -0.76513
12.46 -0.76449
12.48 -0.763822
12.5 -0.763128
12.52 -0.76241
12.54 -0.761674
12.56 -0.76092
12.58 -0.760152
12.6 -0.759374
12.62 -0.758588
12.64 -0.757796
12.66 -0.757004
12.68 -0.756212
12.7 -0.755426
12.72 -0.754646
12.74 -0.753878
12.76 -0.753122
12.78 -0.75238
12.8 -0.751658
12.82 -0.750956
12.84 -0.750278
12.86 -0.749626
12.88 -0.749002
12.9 -0.748408
12.92 -0.747846
12.94 -0.747318
12.96 -0.746824
12.98 -0.74637
13 -0.745954
13.02 -0.745578
13.04 -0.745242
13.06 -0.74495
13.08 -0.744702
13.1 -0.744496
13.12 -0.744336
13.14 -0.744222
13.16 -0.74415
13.18 -0.744126
13.2 -0.744148
13.22 -0.744212
13.24 -0.744324
13.26 -0.744478
13.28 -0.744678
13.3 -0.74492
13.32 -0.745202
13.34 -0.745528
13.36 -0.745892
13.38 -0.746296
13.4 -0.746736
13.42 -0.747212
13.44 -0.747722
13.46 -0.748264
13.48 -0.748836
13.5 -0.749438
13.52 -0.750066
13.54 -0.750718
13.56 -0.751394
13.58 -0.75209
13.6 -0.752804
13.62 -0.753534
13.64 -0.754276
13.66 -0.755032
13.68 -0.755794
13.7 -0.756564
13.72 -0.75734
13.74 -0.758116
13.76 -0.758892
13.78 -0.759666
13.8 -0.760436
13.82 -0.761198
13.84 -0.76195
13.86 -0.762692
13.88 -0.76342
13.9 -0.764132
13.92 -0.764826
13.94 -0.765502
13.96 -0.766156
13.98 -0.766788
14 -0.767396
14.02 -0.767978
14.04 -0.768532
14.06 -0.769058
14.08 -0.769554
14.1 -0.770018
14.12 -0.77045
14.14 -0.77085
14.16 -0.771218
14.18 -0.77155
14.2 -0.771846
14.22 -0.772108
14.24 -0.772334
14.26 -0.772526
14.28 -0.77268
14.3 -0.7728
14.32 -0.772884
14.34 -0.772932
14.36 -0.772946
14.38 -0.772924
14.4 -0.77287
14.42 -0.772782
14.44 -0.772662
14.46 -0.77251
14.48 -0.77233
14.5 -0.772118
14.52 -0.77188
14.54 -0.771614
14.56 -0.771322
14.58 -0.771008
14.6 -0.77067
14.62 -0.77031
14.64 -0.769932
14.66 -0.769536
14.68 -0.769122
14.7 -0.768696
14.72 -0.768256
14.74 -0.767804
14.76 -0.767344
14.78 -0.766876
14.8 -0.766402
14.82 -0.765926
14.84 -0.765446
14.86 -0.764966
14.88 -0.764488
14.9 -0.764012
14.92 -0.763542
14.94 -0.763078
14.96 -0.762622
14.98 -0.762176
15 -0.76174
